Focal for 0-1: 1761.389225
focal: 1761.38922480982
Identity node [0]


Kfrom: [1761.38922480982 0 0; 0 1761.38922480982 0; 0 0 1]
Kto: [1761.38922480982 0 0; 0 1761.38922480982 0; 0 0 1]
Hinv: [0.994946200286412 -0.0143820942937247 -309.236573134019; 0.00789515058715549 1.01047795420059 8.98811454026464; 0.000101426335194107 1.63807419085918e-05 1]
Mat: [0.994946200286412 -0.0143820942937247 -0.175564020023687; 0.00789515058715549 1.01047795420059 0.00510285541302496; 0.178651253922849 0.0288528622921844 1]
R: [0.994946200286412 0.00789515058715549 0.178651253922849; -0.0143820942937247 1.01047795420059 0.0288528622921844; -0.175564020023687 0.00510285541302496 1]
0 to 1
focal=1761.38922480982, ppx=0, ppy=0, R=[0.994946200286412 0.00789515058715549 0.178651253922849; -0.0143820942937247 1.01047795420059 0.0288528622921844; -0.175564020023687 0.00510285541302496 1], theta=-0.011979519580748 0.175650421004624 -0.0095271938942111
