Focal for 0-1: 1775.116901
Focal for 0-2: 1272.490928
Focal for 1-2: 484.576778
Focal for 1-3: 1490.104236
Focal for 2-3: 1726.851147
focal: 1490.10423569884
Identity node [2]


Kfrom: [1490.10423569884 0 0; 0 1490.10423569884 0; 0 0 1]
Kto: [1490.10423569884 0 0; 0 1490.10423569884 0; 0 0 1]
Hinv: [0.995581028216869 -0.0181517032815327 -318.545115093349; 0.0132719278665717 1.01773592099528 12.8869739237767; 0.000107410103230092 -8.12684635536677e-06 1]
Mat: [0.995581028216869 -0.0181517032815327 -0.213773712913417; 0.0132719278665717 1.01773592099528 0.00864837077503701; 0.160052249780009 -0.0121098481770057 1]
R: [0.995581028216869 0.0132719278665717 0.160052249780009; -0.0181517032815327 1.01773592099528 -0.0121098481770057; -0.213773712913417 0.00864837077503701 1]
2 to 3
focal=1490.10423569884, ppx=0, ppy=0, R=[0.995581028216869 0.0132719278665717 0.160052249780009; -0.0181517032815327 1.01773592099528 -0.0121098481770057; -0.213773712913417 0.00864837077503701 1], theta=0.0101553089608599 0.185160472130355 -0.0157205871772454


Kfrom: [1490.10423569884 0 0; 0 1490.10423569884 0; 0 0 1]
Kto: [1490.10423569884 0 0; 0 1490.10423569884 0; 0 0 1]
Hinv: [1.00706188833229 0.00462821915185905 398.77117062063; 0.00852386962880404 1.03025378310288 3.92140344398622; -0.000156975727695036 3.29318044712377e-06 1]
Mat: [1.00706188833229 0.00462821915185905 0.267612936777951; 0.00852386962880404 1.03025378310288 0.00263163029138504; -0.233910196740279 0.00490718213317971 1]
R: [1.00706188833229 0.00852386962880404 -0.233910196740279; 0.00462821915185905 1.03025378310288 0.00490718213317971; 0.267612936777951 0.00263163029138504 1]
2 to 1
focal=1490.10423569884, ppx=0, ppy=0, R=[1.00706188833229 0.00852386962880404 -0.233910196740279; 0.00462821915185905 1.03025378310288 0.00490718213317971; 0.267612936777951 0.00263163029138504 1], theta=-0.0018988946728727 -0.244874629676001 -0.00233596781787782


Kfrom: [1490.10423569884 0 0; 0 1490.10423569884 0; 0 0 1]
Kto: [1490.10423569884 0 0; 0 1490.10423569884 0; 0 0 1]
Hinv: [1.00445086245208 0.0102794114906732 310.552444136235; -0.00701136372069156 1.01934125200259 -11.3526329198019; -9.98673920349417e-05 -1.50285793408865e-05 1]
Mat: [1.00445086245208 0.0102794114906732 0.208409879454232; -0.00701136372069156 1.01934125200259 -0.00761868374562244; -0.148812823879463 -0.0223941497323909 1]
R: [0.971687495321526 0.000946703867060753 -0.383798528770351; 0.00907677407501003 1.05020886838912 -0.0197965157171085; 0.477459322590211 -0.00344108881798427 0.951213417825488]
1 to 0
focal=1490.10423569884, ppx=0, ppy=0, R=[0.971687495321526 0.000946703867060753 -0.383798528770351; 0.00907677407501003 1.05020886838912 -0.0197965157171085; 0.477459322590211 -0.00344108881798427 0.951213417825488], theta=0.00682843095751972 -0.421108821190768 0.00625460602466225
